Варданян 1 1 60 79 60 72 63 1
Горбунов 1 0 60 61 30 5 17 0
Гуменюк 0 0 60 61 30 66 58 0
Егоров 1 1 85 78 72 70 85 1.25
Захарова 0 1 65 78 60 67 65 1
Иванова 0 1 60 78 77 81 60 1.25
Ишонина 0 1 55 79 56 69 72 0
Климчук 1 0 55 56 50 56 60 0
Лиссовский 1 0 55 60 21 64 50 0
Нетреба 1 0 60 56 30 16 17 0
Остапова 0 1 85 89 85 92 85 1.75
Пашкова 0 1 60 88 76 66 60 1.25
Попов 1 0 55 64 0 9 50 0
Сазон 0 1 80 83 62 72 72 1.25
Стеопненко 1 0 55 10 3 8 50 0
Терентьева 0 1 60 67 57 64 50 0
Титов 1 1 75 98 86 82 85 1.5
Чернова 0 1 85 85 81 85 72 1.25
Четкин 1 1 80 56 50 69 50 0
Шевченко 1 0 55 60 30 8 60 0
